1,2,0.0416666666667
1,11,0.0416666666667
1,12,0.0416666666667
2,1,0.0416666666667
2,3,0.0416666666667
2,11,0.0416666666667
2,12,0.0416666666667
2,13,0.0416666666667
3,2,0.0416666666667
3,4,0.0416666666667
3,12,0.0416666666667
3,13,0.0416666666667
3,14,0.0416666666667
4,3,0.0416666666667
4,5,0.0416666666667
4,13,0.0416666666667
4,14,0.0416666666667
4,15,0.0416666666667
5,4,0.0416666666667
5,14,0.0416666666667
5,15,0.0416666666667
6,7,0.0416666666667
6,16,0.0416666666667
6,17,0.0416666666667
7,6,0.0416666666667
7,8,0.0416666666667
7,16,0.0416666666667
7,17,0.0416666666667
7,18,0.0416666666667
8,7,0.0416666666667
8,9,0.0416666666667
8,17,0.0416666666667
8,18,0.0416666666667
8,19,0.0416666666667
9,8,0.0416666666667
9,10,0.0416666666667
9,18,0.0416666666667
9,19,0.0416666666667
9,20,0.0416666666667
10,9,0.0416666666667
10,19,0.0416666666667
10,20,0.0416666666667
11,1,0.0416666666667
11,2,0.0416666666667
11,12,0.0416666666667
11,21,0.0416666666667
11,22,0.0416666666667
12,1,0.0416666666667
12,2,0.0416666666667
12,3,0.0416666666667
12,11,0.0416666666667
12,13,0.0416666666667
12,21,0.0416666666667
12,22,0.0416666666667
12,23,0.0416666666667
13,2,0.0416666666667
13,3,0.0416666666667
13,4,0.0416666666667
13,12,0.0416666666667
13,14,0.0416666666667
13,22,0.0416666666667
13,23,0.0416666666667
13,24,0.0416666666667
14,3,0.0416666666667
14,4,0.0416666666667
14,5,0.0416666666667
14,13,0.0416666666667
14,15,0.0416666666667
14,23,0.0416666666667
14,24,0.0416666666667
14,25,0.0416666666667
15,4,0.0416666666667
15,5,0.0416666666667
15,14,0.0416666666667
15,24,0.0416666666667
15,25,0.0416666666667
16,6,0.0416666666667
16,7,0.0416666666667
16,17,0.0416666666667
16,26,0.0416666666667
16,27,0.0416666666667
17,6,0.0416666666667
17,7,0.0416666666667
17,8,0.0416666666667
17,16,0.0416666666667
17,18,0.0416666666667
17,26,0.0416666666667
17,27,0.0416666666667
17,28,0.0416666666667
18,7,0.0416666666667
18,8,0.0416666666667
18,9,0.0416666666667
18,17,0.0416666666667
18,19,0.0416666666667
18,27,0.0416666666667
18,28,0.0416666666667
18,29,0.0416666666667
19,8,0.0416666666667
19,9,0.0416666666667
19,10,0.0416666666667
19,18,0.0416666666667
19,20,0.0416666666667
19,28,0.0416666666667
19,29,0.0416666666667
19,30,0.0416666666667
20,9,0.0416666666667
20,10,0.0416666666667
20,19,0.0416666666667
20,29,0.0416666666667
20,30,0.0416666666667
21,11,0.0416666666667
21,12,0.0416666666667
21,22,0.0416666666667
21,31,0.0416666666667
21,32,0.0416666666667
22,11,0.0416666666667
22,12,0.0416666666667
22,13,0.0416666666667
22,21,0.0416666666667
22,23,0.0416666666667
22,31,0.0416666666667
22,32,0.0416666666667
22,33,0.0416666666667
23,12,0.0416666666667
23,13,0.0416666666667
23,14,0.0416666666667
23,22,0.0416666666667
23,24,0.0416666666667
23,32,0.0416666666667
23,33,0.0416666666667
24,13,0.0416666666667
24,14,0.0416666666667
24,15,0.0416666666667
24,23,0.0416666666667
24,25,0.0416666666667
24,33,0.0416666666667
24,34,0.0416666666667
24,35,0.0416666666667
25,14,0.0416666666667
25,15,0.0416666666667
25,24,0.0416666666667
25,34,0.0416666666667
25,35,0.0416666666667
26,16,0.0416666666667
26,17,0.0416666666667
26,27,0.0416666666667
26,36,0.0416666666667
26,37,0.0416666666667
27,16,0.0416666666667
27,17,0.0416666666667
27,18,0.0416666666667
27,26,0.0416666666667
27,28,0.0416666666667
27,36,0.0416666666667
27,37,0.0416666666667
27,38,0.0416666666667
28,17,0.0416666666667
28,18,0.0416666666667
28,19,0.0416666666667
28,27,0.0416666666667
28,29,0.0416666666667
28,38,0.0416666666667
28,39,0.0416666666667
29,18,0.0416666666667
29,19,0.0416666666667
29,20,0.0416666666667
29,28,0.0416666666667
29,30,0.0416666666667
29,38,0.0416666666667
29,39,0.0416666666667
29,40,0.0416666666667
30,19,0.0416666666667
30,20,0.0416666666667
30,29,0.0416666666667
30,39,0.0416666666667
30,40,0.0416666666667
31,21,0.0416666666667
31,22,0.0416666666667
31,32,0.0416666666667
32,21,0.0416666666667
32,22,0.0416666666667
32,23,0.0416666666667
32,31,0.0416666666667
32,33,0.0416666666667
33,22,0.0416666666667
33,23,0.0416666666667
33,24,0.0416666666667
33,32,0.0416666666667
33,34,0.0416666666667
34,23,0.0416666666667
34,24,0.0416666666667
34,25,0.0416666666667
34,33,0.0416666666667
34,35,0.0416666666667
34,45,0.0416666666667
35,24,0.0416666666667
35,25,0.0416666666667
35,34,0.0416666666667
35,45,0.0416666666667
36,26,0.0416666666667
36,27,0.0416666666667
36,37,0.0416666666667
36,46,0.0416666666667
36,47,0.0416666666667
37,26,0.0416666666667
37,27,0.0416666666667
37,28,0.0416666666667
37,36,0.0416666666667
37,38,0.0416666666667
37,46,0.0416666666667
37,47,0.0416666666667
37,48,0.0416666666667
38,27,0.0416666666667
38,28,0.0416666666667
38,29,0.0416666666667
38,37,0.0416666666667
38,39,0.0416666666667
38,47,0.0416666666667
38,48,0.0416666666667
38,49,0.0416666666667
39,28,0.0416666666667
39,29,0.0416666666667
39,30,0.0416666666667
39,38,0.0416666666667
39,40,0.0416666666667
39,48,0.0416666666667
39,49,0.0416666666667
39,50,0.0416666666667
40,29,0.0416666666667
40,30,0.0416666666667
40,39,0.0416666666667
40,49,0.0416666666667
40,50,0.0416666666667
45,34,0.0416666666667
45,35,0.0416666666667
46,36,0.0416666666667
46,37,0.0416666666667
46,47,0.0416666666667
46,56,0.0416666666667
46,57,0.0416666666667
47,36,0.0416666666667
47,37,0.0416666666667
47,38,0.0416666666667
47,46,0.0416666666667
47,48,0.0416666666667
47,56,0.0416666666667
47,57,0.0416666666667
47,58,0.0416666666667
48,37,0.0416666666667
48,38,0.0416666666667
48,39,0.0416666666667
48,47,0.0416666666667
48,49,0.0416666666667
48,57,0.0416666666667
48,58,0.0416666666667
48,59,0.0416666666667
49,38,0.0416666666667
49,39,0.0416666666667
49,40,0.0416666666667
49,48,0.0416666666667
49,50,0.0416666666667
49,58,0.0416666666667
49,59,0.0416666666667
49,60,0.0416666666667
50,39,0.0416666666667
50,40,0.0416666666667
50,49,0.0416666666667
50,59,0.0416666666667
50,60,0.0416666666667
56,46,0.0416666666667
56,47,0.0416666666667
56,57,0.0416666666667
56,67,0.0416666666667
57,46,0.0416666666667
57,47,0.0416666666667
57,48,0.0416666666667
57,56,0.0416666666667
57,58,0.0416666666667
57,67,0.0416666666667
57,68,0.0416666666667
58,47,0.0416666666667
58,48,0.0416666666667
58,49,0.0416666666667
58,57,0.0416666666667
58,59,0.0416666666667
58,67,0.0416666666667
58,68,0.0416666666667
58,69,0.0416666666667
59,48,0.0416666666667
59,49,0.0416666666667
59,50,0.0416666666667
59,58,0.0416666666667
59,60,0.0416666666667
59,68,0.0416666666667
59,69,0.0416666666667
59,70,0.0416666666667
60,49,0.0416666666667
60,50,0.0416666666667
60,59,0.0416666666667
60,69,0.0416666666667
60,70,0.0416666666667
61,62,0.0416666666667
61,71,0.0416666666667
61,72,0.0416666666667
62,61,0.0416666666667
62,63,0.0416666666667
62,71,0.0416666666667
62,72,0.0416666666667
62,73,0.0416666666667
63,62,0.0416666666667
63,64,0.0416666666667
63,72,0.0416666666667
63,73,0.0416666666667
63,74,0.0416666666667
64,63,0.0416666666667
64,65,0.0416666666667
64,73,0.0416666666667
64,74,0.0416666666667
64,75,0.0416666666667
65,64,0.0416666666667
65,66,0.0416666666667
65,74,0.0416666666667
65,75,0.0416666666667
65,76,0.0416666666667
66,65,0.0416666666667
66,75,0.0416666666667
66,76,0.0416666666667
66,77,0.0416666666667
67,56,0.0416666666667
67,57,0.0416666666667
67,58,0.0416666666667
67,68,0.0416666666667
68,57,0.0416666666667
68,58,0.0416666666667
68,59,0.0416666666667
68,67,0.0416666666667
68,69,0.0416666666667
69,58,0.0416666666667
69,59,0.0416666666667
69,60,0.0416666666667
69,68,0.0416666666667
69,70,0.0416666666667
70,59,0.0416666666667
70,60,0.0416666666667
70,69,0.0416666666667
71,61,0.0416666666667
71,62,0.0416666666667
71,72,0.0416666666667
71,81,0.0416666666667
71,82,0.0416666666667
72,61,0.0416666666667
72,62,0.0416666666667
72,63,0.0416666666667
72,71,0.0416666666667
72,73,0.0416666666667
72,81,0.0416666666667
72,82,0.0416666666667
72,83,0.0416666666667
73,62,0.0416666666667
73,63,0.0416666666667
73,72,0.0416666666667
73,74,0.0416666666667
73,82,0.0416666666667
73,83,0.0416666666667
73,84,0.0416666666667
74,63,0.0416666666667
74,64,0.0416666666667
74,65,0.0416666666667
74,73,0.0416666666667
74,75,0.0416666666667
74,83,0.0416666666667
74,84,0.0416666666667
74,85,0.0416666666667
75,64,0.0416666666667
75,65,0.0416666666667
75,66,0.0416666666667
75,74,0.0416666666667
75,76,0.0416666666667
75,84,0.0416666666667
75,85,0.0416666666667
75,86,0.0416666666667
76,65,0.0416666666667
76,66,0.0416666666667
76,75,0.0416666666667
76,77,0.0416666666667
76,85,0.0416666666667
76,86,0.0416666666667
76,87,0.0416666666667
77,66,0.0416666666667
77,76,0.0416666666667
77,86,0.0416666666667
77,87,0.0416666666667
81,71,0.0416666666667
81,72,0.0416666666667
81,82,0.0416666666667
81,91,0.0416666666667
81,92,0.0416666666667
82,71,0.0416666666667
82,72,0.0416666666667
82,73,0.0416666666667
82,81,0.0416666666667
82,83,0.0416666666667
82,91,0.0416666666667
82,92,0.0416666666667
82,93,0.0416666666667
83,72,0.0416666666667
83,73,0.0416666666667
83,74,0.0416666666667
83,82,0.0416666666667
83,84,0.0416666666667
83,92,0.0416666666667
83,93,0.0416666666667
83,94,0.0416666666667
84,73,0.0416666666667
84,74,0.0416666666667
84,75,0.0416666666667
84,83,0.0416666666667
84,85,0.0416666666667
84,93,0.0416666666667
84,94,0.0416666666667
84,95,0.0416666666667
85,74,0.0416666666667
85,75,0.0416666666667
85,76,0.0416666666667
85,84,0.0416666666667
85,86,0.0416666666667
85,94,0.0416666666667
85,95,0.0416666666667
85,96,0.0416666666667
86,75,0.0416666666667
86,76,0.0416666666667
86,77,0.0416666666667
86,85,0.0416666666667
86,87,0.0416666666667
86,95,0.0416666666667
86,96,0.0416666666667
86,97,0.0416666666667
87,76,0.0416666666667
87,77,0.0416666666667
87,86,0.0416666666667
87,96,0.0416666666667
87,97,0.0416666666667
91,81,0.0416666666667
91,82,0.0416666666667
91,92,0.0416666666667
92,81,0.0416666666667
92,82,0.0416666666667
92,83,0.0416666666667
92,91,0.0416666666667
92,93,0.0416666666667
93,82,0.0416666666667
93,83,0.0416666666667
93,84,0.0416666666667
93,92,0.0416666666667
93,94,0.0416666666667
94,83,0.0416666666667
94,84,0.0416666666667
94,85,0.0416666666667
94,93,0.0416666666667
94,95,0.0416666666667
95,84,0.0416666666667
95,85,0.0416666666667
95,86,0.0416666666667
95,94,0.0416666666667
95,96,0.0416666666667
96,85,0.0416666666667
96,86,0.0416666666667
96,87,0.0416666666667
96,95,0.0416666666667
96,97,0.0416666666667
97,86,0.0416666666667
97,87,0.0416666666667
97,96,0.0416666666667
