1,3,0.00208333333333
1,4,0.00208333333333
1,13,0.00208333333333
1,14,0.00208333333333
1,21,0.00208333333333
1,22,0.00208333333333
1,23,0.00208333333333
1,24,0.00208333333333
1,31,0.00208333333333
1,32,0.00208333333333
1,33,0.00208333333333
1,34,0.00208333333333
2,4,0.0025
2,14,0.0025
2,21,0.0025
2,22,0.0025
2,23,0.0025
2,24,0.0025
2,31,0.0025
2,32,0.0025
2,33,0.0025
2,34,0.0025
3,1,0.0025
3,11,0.0025
3,21,0.0025
3,22,0.0025
3,23,0.0025
3,24,0.0025
3,31,0.0025
3,32,0.0025
3,33,0.0025
3,34,0.0025
4,1,0.00208333333333
4,2,0.00208333333333
4,11,0.00208333333333
4,12,0.00208333333333
4,21,0.00208333333333
4,22,0.00208333333333
4,23,0.00208333333333
4,24,0.00208333333333
4,31,0.00208333333333
4,32,0.00208333333333
4,33,0.00208333333333
4,34,0.00208333333333
7,9,0.00125
7,10,0.00125
7,19,0.00125
7,20,0.00125
7,27,0.00125
7,28,0.00125
7,29,0.00125
7,30,0.00125
7,37,0.00125
7,38,0.00125
7,39,0.00125
7,40,0.00125
7,47,0.00125
7,48,0.00125
7,49,0.00125
7,50,0.00125
7,57,0.00125
7,58,0.00125
7,59,0.00125
7,60,0.00125
8,10,0.00138888888889
8,20,0.00138888888889
8,27,0.00138888888889
8,28,0.00138888888889
8,29,0.00138888888889
8,30,0.00138888888889
8,37,0.00138888888889
8,38,0.00138888888889
8,39,0.00138888888889
8,40,0.00138888888889
8,47,0.00138888888889
8,48,0.00138888888889
8,49,0.00138888888889
8,50,0.00138888888889
8,57,0.00138888888889
8,58,0.00138888888889
8,59,0.00138888888889
8,60,0.00138888888889
9,7,0.00138888888889
9,17,0.00138888888889
9,27,0.00138888888889
9,28,0.00138888888889
9,29,0.00138888888889
9,30,0.00138888888889
9,37,0.00138888888889
9,38,0.00138888888889
9,39,0.00138888888889
9,40,0.00138888888889
9,47,0.00138888888889
9,48,0.00138888888889
9,49,0.00138888888889
9,50,0.00138888888889
9,57,0.00138888888889
9,58,0.00138888888889
9,59,0.00138888888889
9,60,0.00138888888889
10,7,0.00125
10,8,0.00125
10,17,0.00125
10,18,0.00125
10,27,0.00125
10,28,0.00125
10,29,0.00125
10,30,0.00125
10,37,0.00125
10,38,0.00125
10,39,0.00125
10,40,0.00125
10,47,0.00125
10,48,0.00125
10,49,0.00125
10,50,0.00125
10,57,0.00125
10,58,0.00125
10,59,0.00125
10,60,0.00125
11,3,0.0025
11,4,0.0025
11,13,0.0025
11,14,0.0025
11,23,0.0025
11,24,0.0025
11,31,0.0025
11,32,0.0025
11,33,0.0025
11,34,0.0025
12,4,0.00357142857143
12,14,0.00357142857143
12,24,0.00357142857143
12,31,0.00357142857143
12,32,0.00357142857143
12,33,0.00357142857143
12,34,0.00357142857143
13,1,0.00357142857143
13,11,0.00357142857143
13,21,0.00357142857143
13,31,0.00357142857143
13,32,0.00357142857143
13,33,0.00357142857143
13,34,0.00357142857143
14,1,0.0025
14,2,0.0025
14,11,0.0025
14,12,0.0025
14,21,0.0025
14,22,0.0025
14,31,0.0025
14,32,0.0025
14,33,0.0025
14,34,0.0025
17,9,0.00138888888889
17,10,0.00138888888889
17,19,0.00138888888889
17,20,0.00138888888889
17,29,0.00138888888889
17,30,0.00138888888889
17,37,0.00138888888889
17,38,0.00138888888889
17,39,0.00138888888889
17,40,0.00138888888889
17,47,0.00138888888889
17,48,0.00138888888889
17,49,0.00138888888889
17,50,0.00138888888889
17,57,0.00138888888889
17,58,0.00138888888889
17,59,0.00138888888889
17,60,0.00138888888889
18,10,0.00166666666667
18,20,0.00166666666667
18,30,0.00166666666667
18,37,0.00166666666667
18,38,0.00166666666667
18,39,0.00166666666667
18,40,0.00166666666667
18,47,0.00166666666667
18,48,0.00166666666667
18,49,0.00166666666667
18,50,0.00166666666667
18,57,0.00166666666667
18,58,0.00166666666667
18,59,0.00166666666667
18,60,0.00166666666667
19,7,0.00166666666667
19,17,0.00166666666667
19,27,0.00166666666667
19,37,0.00166666666667
19,38,0.00166666666667
19,39,0.00166666666667
19,40,0.00166666666667
19,47,0.00166666666667
19,48,0.00166666666667
19,49,0.00166666666667
19,50,0.00166666666667
19,57,0.00166666666667
19,58,0.00166666666667
19,59,0.00166666666667
19,60,0.00166666666667
20,7,0.00138888888889
20,8,0.00138888888889
20,17,0.00138888888889
20,18,0.00138888888889
20,27,0.00138888888889
20,28,0.00138888888889
20,37,0.00138888888889
20,38,0.00138888888889
20,39,0.00138888888889
20,40,0.00138888888889
20,47,0.00138888888889
20,48,0.00138888888889
20,49,0.00138888888889
20,50,0.00138888888889
20,57,0.00138888888889
20,58,0.00138888888889
20,59,0.00138888888889
20,60,0.00138888888889
21,1,0.0025
21,2,0.0025
21,3,0.0025
21,4,0.0025
21,13,0.0025
21,14,0.0025
21,23,0.0025
21,24,0.0025
21,33,0.0025
21,34,0.0025
22,1,0.00357142857143
22,2,0.00357142857143
22,3,0.00357142857143
22,4,0.00357142857143
22,14,0.00357142857143
22,24,0.00357142857143
22,34,0.00357142857143
23,1,0.003125
23,2,0.003125
23,3,0.003125
23,4,0.003125
23,11,0.003125
23,21,0.003125
23,31,0.003125
23,34,0.003125
24,1,0.0025
24,2,0.0025
24,3,0.0025
24,4,0.0025
24,11,0.0025
24,12,0.0025
24,21,0.0025
24,22,0.0025
24,31,0.0025
24,32,0.0025
27,7,0.00138888888889
27,8,0.00138888888889
27,9,0.00138888888889
27,10,0.00138888888889
27,19,0.00138888888889
27,20,0.00138888888889
27,29,0.00138888888889
27,30,0.00138888888889
27,39,0.00138888888889
27,40,0.00138888888889
27,47,0.00138888888889
27,48,0.00138888888889
27,49,0.00138888888889
27,50,0.00138888888889
27,57,0.00138888888889
27,58,0.00138888888889
27,59,0.00138888888889
27,60,0.00138888888889
28,7,0.0015625
28,8,0.0015625
28,9,0.0015625
28,10,0.0015625
28,20,0.0015625
28,30,0.0015625
28,37,0.0015625
28,40,0.0015625
28,47,0.0015625
28,48,0.0015625
28,49,0.0015625
28,50,0.0015625
28,57,0.0015625
28,58,0.0015625
28,59,0.0015625
28,60,0.0015625
29,7,0.00166666666667
29,8,0.00166666666667
29,9,0.00166666666667
29,10,0.00166666666667
29,17,0.00166666666667
29,27,0.00166666666667
29,37,0.00166666666667
29,47,0.00166666666667
29,48,0.00166666666667
29,49,0.00166666666667
29,50,0.00166666666667
29,57,0.00166666666667
29,58,0.00166666666667
29,59,0.00166666666667
29,60,0.00166666666667
30,7,0.00138888888889
30,8,0.00138888888889
30,9,0.00138888888889
30,10,0.00138888888889
30,17,0.00138888888889
30,18,0.00138888888889
30,27,0.00138888888889
30,28,0.00138888888889
30,37,0.00138888888889
30,38,0.00138888888889
30,47,0.00138888888889
30,48,0.00138888888889
30,49,0.00138888888889
30,50,0.00138888888889
30,57,0.00138888888889
30,58,0.00138888888889
30,59,0.00138888888889
30,60,0.00138888888889
31,1,0.00208333333333
31,2,0.00208333333333
31,3,0.00208333333333
31,4,0.00208333333333
31,11,0.00208333333333
31,12,0.00208333333333
31,13,0.00208333333333
31,14,0.00208333333333
31,23,0.00208333333333
31,24,0.00208333333333
31,33,0.00208333333333
31,34,0.00208333333333
32,1,0.0025
32,2,0.0025
32,3,0.0025
32,4,0.0025
32,11,0.0025
32,12,0.0025
32,13,0.0025
32,14,0.0025
32,24,0.0025
32,34,0.0025
33,1,0.0025
33,2,0.0025
33,3,0.0025
33,4,0.0025
33,11,0.0025
33,12,0.0025
33,13,0.0025
33,14,0.0025
33,21,0.0025
33,31,0.0025
34,1,0.00208333333333
34,2,0.00208333333333
34,3,0.00208333333333
34,4,0.00208333333333
34,11,0.00208333333333
34,12,0.00208333333333
34,13,0.00208333333333
34,14,0.00208333333333
34,21,0.00208333333333
34,22,0.00208333333333
34,31,0.00208333333333
34,32,0.00208333333333
37,7,0.00138888888889
37,8,0.00138888888889
37,9,0.00138888888889
37,10,0.00138888888889
37,17,0.00138888888889
37,18,0.00138888888889
37,19,0.00138888888889
37,20,0.00138888888889
37,29,0.00138888888889
37,30,0.00138888888889
37,39,0.00138888888889
37,40,0.00138888888889
37,49,0.00138888888889
37,50,0.00138888888889
37,57,0.00138888888889
37,58,0.00138888888889
37,59,0.00138888888889
37,60,0.00138888888889
38,7,0.00166666666667
38,8,0.00166666666667
38,9,0.00166666666667
38,10,0.00166666666667
38,17,0.00166666666667
38,18,0.00166666666667
38,19,0.00166666666667
38,20,0.00166666666667
38,30,0.00166666666667
38,40,0.00166666666667
38,50,0.00166666666667
38,57,0.00166666666667
38,58,0.00166666666667
38,59,0.00166666666667
38,60,0.00166666666667
39,7,0.00166666666667
39,8,0.00166666666667
39,9,0.00166666666667
39,10,0.00166666666667
39,17,0.00166666666667
39,18,0.00166666666667
39,19,0.00166666666667
39,20,0.00166666666667
39,27,0.00166666666667
39,37,0.00166666666667
39,47,0.00166666666667
39,57,0.00166666666667
39,58,0.00166666666667
39,59,0.00166666666667
39,60,0.00166666666667
40,7,0.00138888888889
40,8,0.00138888888889
40,9,0.00138888888889
40,10,0.00138888888889
40,17,0.00138888888889
40,18,0.00138888888889
40,19,0.00138888888889
40,20,0.00138888888889
40,27,0.00138888888889
40,28,0.00138888888889
40,37,0.00138888888889
40,38,0.00138888888889
40,47,0.00138888888889
40,48,0.00138888888889
40,57,0.00138888888889
40,58,0.00138888888889
40,59,0.00138888888889
40,60,0.00138888888889
47,7,0.00138888888889
47,8,0.00138888888889
47,9,0.00138888888889
47,10,0.00138888888889
47,17,0.00138888888889
47,18,0.00138888888889
47,19,0.00138888888889
47,20,0.00138888888889
47,27,0.00138888888889
47,28,0.00138888888889
47,29,0.00138888888889
47,30,0.00138888888889
47,39,0.00138888888889
47,40,0.00138888888889
47,49,0.00138888888889
47,50,0.00138888888889
47,59,0.00138888888889
47,60,0.00138888888889
48,7,0.00166666666667
48,8,0.00166666666667
48,9,0.00166666666667
48,10,0.00166666666667
48,17,0.00166666666667
48,18,0.00166666666667
48,19,0.00166666666667
48,20,0.00166666666667
48,27,0.00166666666667
48,28,0.00166666666667
48,29,0.00166666666667
48,30,0.00166666666667
48,40,0.00166666666667
48,50,0.00166666666667
48,60,0.00166666666667
49,7,0.00166666666667
49,8,0.00166666666667
49,9,0.00166666666667
49,10,0.00166666666667
49,17,0.00166666666667
49,18,0.00166666666667
49,19,0.00166666666667
49,20,0.00166666666667
49,27,0.00166666666667
49,28,0.00166666666667
49,29,0.00166666666667
49,30,0.00166666666667
49,37,0.00166666666667
49,47,0.00166666666667
49,57,0.00166666666667
50,7,0.00138888888889
50,8,0.00138888888889
50,9,0.00138888888889
50,10,0.00138888888889
50,17,0.00138888888889
50,18,0.00138888888889
50,19,0.00138888888889
50,20,0.00138888888889
50,27,0.00138888888889
50,28,0.00138888888889
50,29,0.00138888888889
50,30,0.00138888888889
50,37,0.00138888888889
50,38,0.00138888888889
50,47,0.00138888888889
50,48,0.00138888888889
50,57,0.00138888888889
50,58,0.00138888888889
57,7,0.00125
57,8,0.00125
57,9,0.00125
57,10,0.00125
57,17,0.00125
57,18,0.00125
57,19,0.00125
57,20,0.00125
57,27,0.00125
57,28,0.00125
57,29,0.00125
57,30,0.00125
57,37,0.00125
57,38,0.00125
57,39,0.00125
57,40,0.00125
57,49,0.00125
57,50,0.00125
57,59,0.00125
57,60,0.00125
58,7,0.00138888888889
58,8,0.00138888888889
58,9,0.00138888888889
58,10,0.00138888888889
58,17,0.00138888888889
58,18,0.00138888888889
58,19,0.00138888888889
58,20,0.00138888888889
58,27,0.00138888888889
58,28,0.00138888888889
58,29,0.00138888888889
58,30,0.00138888888889
58,37,0.00138888888889
58,38,0.00138888888889
58,39,0.00138888888889
58,40,0.00138888888889
58,50,0.00138888888889
58,60,0.00138888888889
59,7,0.00138888888889
59,8,0.00138888888889
59,9,0.00138888888889
59,10,0.00138888888889
59,17,0.00138888888889
59,18,0.00138888888889
59,19,0.00138888888889
59,20,0.00138888888889
59,27,0.00138888888889
59,28,0.00138888888889
59,29,0.00138888888889
59,30,0.00138888888889
59,37,0.00138888888889
59,38,0.00138888888889
59,39,0.00138888888889
59,40,0.00138888888889
59,47,0.00138888888889
59,57,0.00138888888889
60,7,0.00125
60,8,0.00125
60,9,0.00125
60,10,0.00125
60,17,0.00125
60,18,0.00125
60,19,0.00125
60,20,0.00125
60,27,0.00125
60,28,0.00125
60,29,0.00125
60,30,0.00125
60,37,0.00125
60,38,0.00125
60,39,0.00125
60,40,0.00125
60,47,0.00125
60,48,0.00125
60,57,0.00125
60,58,0.00125
61,63,0.00131578947368
61,64,0.00131578947368
61,65,0.00131578947368
61,73,0.00131578947368
61,74,0.00131578947368
61,75,0.00131578947368
61,76,0.00131578947368
61,81,0.00131578947368
61,82,0.00131578947368
61,83,0.00131578947368
61,84,0.00131578947368
61,85,0.00131578947368
61,86,0.00131578947368
61,91,0.00131578947368
61,92,0.00131578947368
61,93,0.00131578947368
61,94,0.00131578947368
61,95,0.00131578947368
61,96,0.00131578947368
62,64,0.00147058823529
62,65,0.00147058823529
62,74,0.00147058823529
62,75,0.00147058823529
62,76,0.00147058823529
62,81,0.00147058823529
62,82,0.00147058823529
62,83,0.00147058823529
62,84,0.00147058823529
62,85,0.00147058823529
62,86,0.00147058823529
62,91,0.00147058823529
62,92,0.00147058823529
62,93,0.00147058823529
62,94,0.00147058823529
62,95,0.00147058823529
62,96,0.00147058823529
63,61,0.00147058823529
63,65,0.00147058823529
63,71,0.00147058823529
63,75,0.00147058823529
63,76,0.00147058823529
63,81,0.00147058823529
63,82,0.00147058823529
63,83,0.00147058823529
63,84,0.00147058823529
63,85,0.00147058823529
63,86,0.00147058823529
63,91,0.00147058823529
63,92,0.00147058823529
63,93,0.00147058823529
63,94,0.00147058823529
63,95,0.00147058823529
63,96,0.00147058823529
64,61,0.00147058823529
64,62,0.00147058823529
64,71,0.00147058823529
64,72,0.00147058823529
64,76,0.00147058823529
64,81,0.00147058823529
64,82,0.00147058823529
64,83,0.00147058823529
64,84,0.00147058823529
64,85,0.00147058823529
64,86,0.00147058823529
64,91,0.00147058823529
64,92,0.00147058823529
64,93,0.00147058823529
64,94,0.00147058823529
64,95,0.00147058823529
64,96,0.00147058823529
65,61,0.00138888888889
65,62,0.00138888888889
65,63,0.00138888888889
65,71,0.00138888888889
65,72,0.00138888888889
65,73,0.00138888888889
65,81,0.00138888888889
65,82,0.00138888888889
65,83,0.00138888888889
65,84,0.00138888888889
65,85,0.00138888888889
65,86,0.00138888888889
65,91,0.00138888888889
65,92,0.00138888888889
65,93,0.00138888888889
65,94,0.00138888888889
65,95,0.00138888888889
65,96,0.00138888888889
71,63,0.00147058823529
71,64,0.00147058823529
71,65,0.00147058823529
71,73,0.00147058823529
71,74,0.00147058823529
71,75,0.00147058823529
71,76,0.00147058823529
71,83,0.00147058823529
71,84,0.00147058823529
71,85,0.00147058823529
71,86,0.00147058823529
71,91,0.00147058823529
71,92,0.00147058823529
71,93,0.00147058823529
71,94,0.00147058823529
71,95,0.00147058823529
71,96,0.00147058823529
72,64,0.00178571428571
72,65,0.00178571428571
72,74,0.00178571428571
72,75,0.00178571428571
72,76,0.00178571428571
72,84,0.00178571428571
72,85,0.00178571428571
72,86,0.00178571428571
72,91,0.00178571428571
72,92,0.00178571428571
72,93,0.00178571428571
72,94,0.00178571428571
72,95,0.00178571428571
72,96,0.00178571428571
73,61,0.00166666666667
73,64,0.00166666666667
73,65,0.00166666666667
73,71,0.00166666666667
73,75,0.00166666666667
73,76,0.00166666666667
73,81,0.00166666666667
73,85,0.00166666666667
73,86,0.00166666666667
73,91,0.00166666666667
73,92,0.00166666666667
73,93,0.00166666666667
73,94,0.00166666666667
73,95,0.00166666666667
73,96,0.00166666666667
74,61,0.00178571428571
74,62,0.00178571428571
74,71,0.00178571428571
74,72,0.00178571428571
74,76,0.00178571428571
74,81,0.00178571428571
74,82,0.00178571428571
74,86,0.00178571428571
74,91,0.00178571428571
74,92,0.00178571428571
74,93,0.00178571428571
74,94,0.00178571428571
74,95,0.00178571428571
74,96,0.00178571428571
75,61,0.00166666666667
75,62,0.00166666666667
75,63,0.00166666666667
75,71,0.00166666666667
75,72,0.00166666666667
75,73,0.00166666666667
75,81,0.00166666666667
75,82,0.00166666666667
75,83,0.00166666666667
75,91,0.00166666666667
75,92,0.00166666666667
75,93,0.00166666666667
75,94,0.00166666666667
75,95,0.00166666666667
75,96,0.00166666666667
76,61,0.00138888888889
76,62,0.00138888888889
76,63,0.00138888888889
76,64,0.00138888888889
76,71,0.00138888888889
76,72,0.00138888888889
76,73,0.00138888888889
76,74,0.00138888888889
76,81,0.00138888888889
76,82,0.00138888888889
76,83,0.00138888888889
76,84,0.00138888888889
76,91,0.00138888888889
76,92,0.00138888888889
76,93,0.00138888888889
76,94,0.00138888888889
76,95,0.00138888888889
76,96,0.00138888888889
81,61,0.00147058823529
81,62,0.00147058823529
81,63,0.00147058823529
81,64,0.00147058823529
81,65,0.00147058823529
81,73,0.00147058823529
81,74,0.00147058823529
81,75,0.00147058823529
81,76,0.00147058823529
81,83,0.00147058823529
81,84,0.00147058823529
81,85,0.00147058823529
81,86,0.00147058823529
81,93,0.00147058823529
81,94,0.00147058823529
81,95,0.00147058823529
81,96,0.00147058823529
82,61,0.00178571428571
82,62,0.00178571428571
82,63,0.00178571428571
82,64,0.00178571428571
82,65,0.00178571428571
82,74,0.00178571428571
82,75,0.00178571428571
82,76,0.00178571428571
82,84,0.00178571428571
82,85,0.00178571428571
82,86,0.00178571428571
82,94,0.00178571428571
82,95,0.00178571428571
82,96,0.00178571428571
83,61,0.00178571428571
83,62,0.00178571428571
83,63,0.00178571428571
83,64,0.00178571428571
83,65,0.00178571428571
83,71,0.00178571428571
83,75,0.00178571428571
83,76,0.00178571428571
83,81,0.00178571428571
83,85,0.00178571428571
83,86,0.00178571428571
83,91,0.00178571428571
83,95,0.00178571428571
83,96,0.00178571428571
84,61,0.00178571428571
84,62,0.00178571428571
84,63,0.00178571428571
84,64,0.00178571428571
84,65,0.00178571428571
84,71,0.00178571428571
84,72,0.00178571428571
84,76,0.00178571428571
84,81,0.00178571428571
84,82,0.00178571428571
84,86,0.00178571428571
84,91,0.00178571428571
84,92,0.00178571428571
84,96,0.00178571428571
85,61,0.00178571428571
85,62,0.00178571428571
85,63,0.00178571428571
85,64,0.00178571428571
85,65,0.00178571428571
85,71,0.00178571428571
85,72,0.00178571428571
85,73,0.00178571428571
85,81,0.00178571428571
85,82,0.00178571428571
85,83,0.00178571428571
85,91,0.00178571428571
85,92,0.00178571428571
85,93,0.00178571428571
86,61,0.00147058823529
86,62,0.00147058823529
86,63,0.00147058823529
86,64,0.00147058823529
86,65,0.00147058823529
86,71,0.00147058823529
86,72,0.00147058823529
86,73,0.00147058823529
86,74,0.00147058823529
86,81,0.00147058823529
86,82,0.00147058823529
86,83,0.00147058823529
86,84,0.00147058823529
86,91,0.00147058823529
86,92,0.00147058823529
86,93,0.00147058823529
86,94,0.00147058823529
91,61,0.00131578947368
91,62,0.00131578947368
91,63,0.00131578947368
91,64,0.00131578947368
91,65,0.00131578947368
91,71,0.00131578947368
91,72,0.00131578947368
91,73,0.00131578947368
91,74,0.00131578947368
91,75,0.00131578947368
91,76,0.00131578947368
91,83,0.00131578947368
91,84,0.00131578947368
91,85,0.00131578947368
91,86,0.00131578947368
91,93,0.00131578947368
91,94,0.00131578947368
91,95,0.00131578947368
91,96,0.00131578947368
92,61,0.00147058823529
92,62,0.00147058823529
92,63,0.00147058823529
92,64,0.00147058823529
92,65,0.00147058823529
92,71,0.00147058823529
92,72,0.00147058823529
92,73,0.00147058823529
92,74,0.00147058823529
92,75,0.00147058823529
92,76,0.00147058823529
92,84,0.00147058823529
92,85,0.00147058823529
92,86,0.00147058823529
92,94,0.00147058823529
92,95,0.00147058823529
92,96,0.00147058823529
93,61,0.00147058823529
93,62,0.00147058823529
93,63,0.00147058823529
93,64,0.00147058823529
93,65,0.00147058823529
93,71,0.00147058823529
93,72,0.00147058823529
93,73,0.00147058823529
93,74,0.00147058823529
93,75,0.00147058823529
93,76,0.00147058823529
93,81,0.00147058823529
93,85,0.00147058823529
93,86,0.00147058823529
93,91,0.00147058823529
93,95,0.00147058823529
93,96,0.00147058823529
94,61,0.00147058823529
94,62,0.00147058823529
94,63,0.00147058823529
94,64,0.00147058823529
94,65,0.00147058823529
94,71,0.00147058823529
94,72,0.00147058823529
94,73,0.00147058823529
94,74,0.00147058823529
94,75,0.00147058823529
94,76,0.00147058823529
94,81,0.00147058823529
94,82,0.00147058823529
94,86,0.00147058823529
94,91,0.00147058823529
94,92,0.00147058823529
94,96,0.00147058823529
95,61,0.00147058823529
95,62,0.00147058823529
95,63,0.00147058823529
95,64,0.00147058823529
95,65,0.00147058823529
95,71,0.00147058823529
95,72,0.00147058823529
95,73,0.00147058823529
95,74,0.00147058823529
95,75,0.00147058823529
95,76,0.00147058823529
95,81,0.00147058823529
95,82,0.00147058823529
95,83,0.00147058823529
95,91,0.00147058823529
95,92,0.00147058823529
95,93,0.00147058823529
96,61,0.00131578947368
96,62,0.00131578947368
96,63,0.00131578947368
96,64,0.00131578947368
96,65,0.00131578947368
96,71,0.00131578947368
96,72,0.00131578947368
96,73,0.00131578947368
96,74,0.00131578947368
96,75,0.00131578947368
96,76,0.00131578947368
96,81,0.00131578947368
96,82,0.00131578947368
96,83,0.00131578947368
96,84,0.00131578947368
96,91,0.00131578947368
96,92,0.00131578947368
96,93,0.00131578947368
96,94,0.00131578947368
