1,3,0.0005
1,4,0.0005
1,5,0.0005
1,13,0.0005
1,14,0.0005
1,15,0.0005
1,21,0.0005
1,22,0.0005
1,23,0.0005
1,24,0.0005
1,25,0.0005
1,31,0.0005
1,32,0.0005
1,33,0.0005
1,34,0.0005
1,35,0.0005
1,45,0.0005
2,4,0.0005
2,5,0.0005
2,14,0.0005
2,15,0.0005
2,21,0.0005
2,22,0.0005
2,23,0.0005
2,24,0.0005
2,25,0.0005
2,31,0.0005
2,32,0.0005
2,33,0.0005
2,34,0.0005
2,35,0.0005
2,45,0.0005
3,1,0.0005
3,5,0.0005
3,11,0.0005
3,15,0.0005
3,21,0.0005
3,22,0.0005
3,23,0.0005
3,24,0.0005
3,25,0.0005
3,31,0.0005
3,32,0.0005
3,33,0.0005
3,34,0.0005
3,35,0.0005
3,45,0.0005
4,1,0.0005
4,2,0.0005
4,11,0.0005
4,12,0.0005
4,21,0.0005
4,22,0.0005
4,23,0.0005
4,24,0.0005
4,25,0.0005
4,31,0.0005
4,32,0.0005
4,33,0.0005
4,34,0.0005
4,35,0.0005
4,45,0.0005
5,1,0.0005
5,2,0.0005
5,3,0.0005
5,11,0.0005
5,12,0.0005
5,13,0.0005
5,21,0.0005
5,22,0.0005
5,23,0.0005
5,24,0.0005
5,25,0.0005
5,31,0.0005
5,32,0.0005
5,33,0.0005
5,34,0.0005
5,35,0.0005
5,45,0.0005
6,8,0.00030303030303
6,9,0.00030303030303
6,10,0.00030303030303
6,18,0.00030303030303
6,19,0.00030303030303
6,20,0.00030303030303
6,26,0.00030303030303
6,27,0.00030303030303
6,28,0.00030303030303
6,29,0.00030303030303
6,30,0.00030303030303
6,36,0.00030303030303
6,37,0.00030303030303
6,38,0.00030303030303
6,39,0.00030303030303
6,40,0.00030303030303
6,46,0.00030303030303
6,47,0.00030303030303
6,48,0.00030303030303
6,49,0.00030303030303
6,50,0.00030303030303
6,56,0.00030303030303
6,57,0.00030303030303
6,58,0.00030303030303
6,59,0.00030303030303
6,60,0.00030303030303
6,67,0.00030303030303
6,68,0.00030303030303
6,69,0.00030303030303
6,70,0.00030303030303
7,9,0.00030303030303
7,10,0.00030303030303
7,19,0.00030303030303
7,20,0.00030303030303
7,26,0.00030303030303
7,27,0.00030303030303
7,28,0.00030303030303
7,29,0.00030303030303
7,30,0.00030303030303
7,36,0.00030303030303
7,37,0.00030303030303
7,38,0.00030303030303
7,39,0.00030303030303
7,40,0.00030303030303
7,46,0.00030303030303
7,47,0.00030303030303
7,48,0.00030303030303
7,49,0.00030303030303
7,50,0.00030303030303
7,56,0.00030303030303
7,57,0.00030303030303
7,58,0.00030303030303
7,59,0.00030303030303
7,60,0.00030303030303
7,67,0.00030303030303
7,68,0.00030303030303
7,69,0.00030303030303
7,70,0.00030303030303
8,6,0.00030303030303
8,10,0.00030303030303
8,16,0.00030303030303
8,20,0.00030303030303
8,26,0.00030303030303
8,27,0.00030303030303
8,28,0.00030303030303
8,29,0.00030303030303
8,30,0.00030303030303
8,36,0.00030303030303
8,37,0.00030303030303
8,38,0.00030303030303
8,39,0.00030303030303
8,40,0.00030303030303
8,46,0.00030303030303
8,47,0.00030303030303
8,48,0.00030303030303
8,49,0.00030303030303
8,50,0.00030303030303
8,56,0.00030303030303
8,57,0.00030303030303
8,58,0.00030303030303
8,59,0.00030303030303
8,60,0.00030303030303
8,67,0.00030303030303
8,68,0.00030303030303
8,69,0.00030303030303
8,70,0.00030303030303
9,6,0.00030303030303
9,7,0.00030303030303
9,16,0.00030303030303
9,17,0.00030303030303
9,26,0.00030303030303
9,27,0.00030303030303
9,28,0.00030303030303
9,29,0.00030303030303
9,30,0.00030303030303
9,36,0.00030303030303
9,37,0.00030303030303
9,38,0.00030303030303
9,39,0.00030303030303
9,40,0.00030303030303
9,46,0.00030303030303
9,47,0.00030303030303
9,48,0.00030303030303
9,49,0.00030303030303
9,50,0.00030303030303
9,56,0.00030303030303
9,57,0.00030303030303
9,58,0.00030303030303
9,59,0.00030303030303
9,60,0.00030303030303
9,67,0.00030303030303
9,68,0.00030303030303
9,69,0.00030303030303
9,70,0.00030303030303
10,6,0.00030303030303
10,7,0.00030303030303
10,8,0.00030303030303
10,16,0.00030303030303
10,17,0.00030303030303
10,18,0.00030303030303
10,26,0.00030303030303
10,27,0.00030303030303
10,28,0.00030303030303
10,29,0.00030303030303
10,30,0.00030303030303
10,36,0.00030303030303
10,37,0.00030303030303
10,38,0.00030303030303
10,39,0.00030303030303
10,40,0.00030303030303
10,46,0.00030303030303
10,47,0.00030303030303
10,48,0.00030303030303
10,49,0.00030303030303
10,50,0.00030303030303
10,56,0.00030303030303
10,57,0.00030303030303
10,58,0.00030303030303
10,59,0.00030303030303
10,60,0.00030303030303
10,67,0.00030303030303
10,68,0.00030303030303
10,69,0.00030303030303
10,70,0.00030303030303
11,3,0.0005
11,4,0.0005
11,5,0.0005
11,13,0.0005
11,14,0.0005
11,15,0.0005
11,23,0.0005
11,24,0.0005
11,25,0.0005
11,31,0.0005
11,32,0.0005
11,33,0.0005
11,34,0.0005
11,35,0.0005
11,45,0.0005
12,4,0.0005
12,5,0.0005
12,14,0.0005
12,15,0.0005
12,24,0.0005
12,25,0.0005
12,31,0.0005
12,32,0.0005
12,33,0.0005
12,34,0.0005
12,35,0.0005
12,45,0.0005
13,1,0.0005
13,5,0.0005
13,11,0.0005
13,15,0.0005
13,21,0.0005
13,25,0.0005
13,31,0.0005
13,32,0.0005
13,33,0.0005
13,34,0.0005
13,35,0.0005
13,45,0.0005
14,1,0.0005
14,2,0.0005
14,11,0.0005
14,12,0.0005
14,21,0.0005
14,22,0.0005
14,31,0.0005
14,32,0.0005
14,33,0.0005
14,34,0.0005
14,35,0.0005
14,45,0.0005
15,1,0.0005
15,2,0.0005
15,3,0.0005
15,11,0.0005
15,12,0.0005
15,13,0.0005
15,21,0.0005
15,22,0.0005
15,23,0.0005
15,31,0.0005
15,32,0.0005
15,33,0.0005
15,34,0.0005
15,35,0.0005
15,45,0.0005
16,8,0.00030303030303
16,9,0.00030303030303
16,10,0.00030303030303
16,18,0.00030303030303
16,19,0.00030303030303
16,20,0.00030303030303
16,28,0.00030303030303
16,29,0.00030303030303
16,30,0.00030303030303
16,36,0.00030303030303
16,37,0.00030303030303
16,38,0.00030303030303
16,39,0.00030303030303
16,40,0.00030303030303
16,46,0.00030303030303
16,47,0.00030303030303
16,48,0.00030303030303
16,49,0.00030303030303
16,50,0.00030303030303
16,56,0.00030303030303
16,57,0.00030303030303
16,58,0.00030303030303
16,59,0.00030303030303
16,60,0.00030303030303
16,67,0.00030303030303
16,68,0.00030303030303
16,69,0.00030303030303
16,70,0.00030303030303
17,9,0.00030303030303
17,10,0.00030303030303
17,19,0.00030303030303
17,20,0.00030303030303
17,29,0.00030303030303
17,30,0.00030303030303
17,36,0.00030303030303
17,37,0.00030303030303
17,38,0.00030303030303
17,39,0.00030303030303
17,40,0.00030303030303
17,46,0.00030303030303
17,47,0.00030303030303
17,48,0.00030303030303
17,49,0.00030303030303
17,50,0.00030303030303
17,56,0.00030303030303
17,57,0.00030303030303
17,58,0.00030303030303
17,59,0.00030303030303
17,60,0.00030303030303
17,67,0.00030303030303
17,68,0.00030303030303
17,69,0.00030303030303
17,70,0.00030303030303
18,6,0.00030303030303
18,10,0.00030303030303
18,16,0.00030303030303
18,20,0.00030303030303
18,26,0.00030303030303
18,30,0.00030303030303
18,36,0.00030303030303
18,37,0.00030303030303
18,38,0.00030303030303
18,39,0.00030303030303
18,40,0.00030303030303
18,46,0.00030303030303
18,47,0.00030303030303
18,48,0.00030303030303
18,49,0.00030303030303
18,50,0.00030303030303
18,56,0.00030303030303
18,57,0.00030303030303
18,58,0.00030303030303
18,59,0.00030303030303
18,60,0.00030303030303
18,67,0.00030303030303
18,68,0.00030303030303
18,69,0.00030303030303
18,70,0.00030303030303
19,6,0.00030303030303
19,7,0.00030303030303
19,16,0.00030303030303
19,17,0.00030303030303
19,26,0.00030303030303
19,27,0.00030303030303
19,36,0.00030303030303
19,37,0.00030303030303
19,38,0.00030303030303
19,39,0.00030303030303
19,40,0.00030303030303
19,46,0.00030303030303
19,47,0.00030303030303
19,48,0.00030303030303
19,49,0.00030303030303
19,50,0.00030303030303
19,56,0.00030303030303
19,57,0.00030303030303
19,58,0.00030303030303
19,59,0.00030303030303
19,60,0.00030303030303
19,67,0.00030303030303
19,68,0.00030303030303
19,69,0.00030303030303
19,70,0.00030303030303
20,6,0.00030303030303
20,7,0.00030303030303
20,8,0.00030303030303
20,16,0.00030303030303
20,17,0.00030303030303
20,18,0.00030303030303
20,26,0.00030303030303
20,27,0.00030303030303
20,28,0.00030303030303
20,36,0.00030303030303
20,37,0.00030303030303
20,38,0.00030303030303
20,39,0.00030303030303
20,40,0.00030303030303
20,46,0.00030303030303
20,47,0.00030303030303
20,48,0.00030303030303
20,49,0.00030303030303
20,50,0.00030303030303
20,56,0.00030303030303
20,57,0.00030303030303
20,58,0.00030303030303
20,59,0.00030303030303
20,60,0.00030303030303
20,67,0.00030303030303
20,68,0.00030303030303
20,69,0.00030303030303
20,70,0.00030303030303
21,1,0.0005
21,2,0.0005
21,3,0.0005
21,4,0.0005
21,5,0.0005
21,13,0.0005
21,14,0.0005
21,15,0.0005
21,23,0.0005
21,24,0.0005
21,25,0.0005
21,33,0.0005
21,34,0.0005
21,35,0.0005
21,45,0.0005
22,1,0.0005
22,2,0.0005
22,3,0.0005
22,4,0.0005
22,5,0.0005
22,14,0.0005
22,15,0.0005
22,24,0.0005
22,25,0.0005
22,34,0.0005
22,35,0.0005
22,45,0.0005
23,1,0.0005
23,2,0.0005
23,3,0.0005
23,4,0.0005
23,5,0.0005
23,11,0.0005
23,15,0.0005
23,21,0.0005
23,25,0.0005
23,31,0.0005
23,34,0.0005
23,35,0.0005
23,45,0.0005
24,1,0.0005
24,2,0.0005
24,3,0.0005
24,4,0.0005
24,5,0.0005
24,11,0.0005
24,12,0.0005
24,21,0.0005
24,22,0.0005
24,31,0.0005
24,32,0.0005
24,45,0.0005
25,1,0.0005
25,2,0.0005
25,3,0.0005
25,4,0.0005
25,5,0.0005
25,11,0.0005
25,12,0.0005
25,13,0.0005
25,21,0.0005
25,22,0.0005
25,23,0.0005
25,31,0.0005
25,32,0.0005
25,33,0.0005
25,45,0.0005
26,6,0.00030303030303
26,7,0.00030303030303
26,8,0.00030303030303
26,9,0.00030303030303
26,10,0.00030303030303
26,18,0.00030303030303
26,19,0.00030303030303
26,20,0.00030303030303
26,28,0.00030303030303
26,29,0.00030303030303
26,30,0.00030303030303
26,38,0.00030303030303
26,39,0.00030303030303
26,40,0.00030303030303
26,46,0.00030303030303
26,47,0.00030303030303
26,48,0.00030303030303
26,49,0.00030303030303
26,50,0.00030303030303
26,56,0.00030303030303
26,57,0.00030303030303
26,58,0.00030303030303
26,59,0.00030303030303
26,60,0.00030303030303
26,67,0.00030303030303
26,68,0.00030303030303
26,69,0.00030303030303
26,70,0.00030303030303
27,6,0.00030303030303
27,7,0.00030303030303
27,8,0.00030303030303
27,9,0.00030303030303
27,10,0.00030303030303
27,19,0.00030303030303
27,20,0.00030303030303
27,29,0.00030303030303
27,30,0.00030303030303
27,39,0.00030303030303
27,40,0.00030303030303
27,46,0.00030303030303
27,47,0.00030303030303
27,48,0.00030303030303
27,49,0.00030303030303
27,50,0.00030303030303
27,56,0.00030303030303
27,57,0.00030303030303
27,58,0.00030303030303
27,59,0.00030303030303
27,60,0.00030303030303
27,67,0.00030303030303
27,68,0.00030303030303
27,69,0.00030303030303
27,70,0.00030303030303
28,6,0.00030303030303
28,7,0.00030303030303
28,8,0.00030303030303
28,9,0.00030303030303
28,10,0.00030303030303
28,16,0.00030303030303
28,20,0.00030303030303
28,26,0.00030303030303
28,30,0.00030303030303
28,36,0.00030303030303
28,37,0.00030303030303
28,40,0.00030303030303
28,46,0.00030303030303
28,47,0.00030303030303
28,48,0.00030303030303
28,49,0.00030303030303
28,50,0.00030303030303
28,56,0.00030303030303
28,57,0.00030303030303
28,58,0.00030303030303
28,59,0.00030303030303
28,60,0.00030303030303
28,67,0.00030303030303
28,68,0.00030303030303
28,69,0.00030303030303
28,70,0.00030303030303
29,6,0.00030303030303
29,7,0.00030303030303
29,8,0.00030303030303
29,9,0.00030303030303
29,10,0.00030303030303
29,16,0.00030303030303
29,17,0.00030303030303
29,26,0.00030303030303
29,27,0.00030303030303
29,36,0.00030303030303
29,37,0.00030303030303
29,46,0.00030303030303
29,47,0.00030303030303
29,48,0.00030303030303
29,49,0.00030303030303
29,50,0.00030303030303
29,56,0.00030303030303
29,57,0.00030303030303
29,58,0.00030303030303
29,59,0.00030303030303
29,60,0.00030303030303
29,67,0.00030303030303
29,68,0.00030303030303
29,69,0.00030303030303
29,70,0.00030303030303
30,6,0.00030303030303
30,7,0.00030303030303
30,8,0.00030303030303
30,9,0.00030303030303
30,10,0.00030303030303
30,16,0.00030303030303
30,17,0.00030303030303
30,18,0.00030303030303
30,26,0.00030303030303
30,27,0.00030303030303
30,28,0.00030303030303
30,36,0.00030303030303
30,37,0.00030303030303
30,38,0.00030303030303
30,46,0.00030303030303
30,47,0.00030303030303
30,48,0.00030303030303
30,49,0.00030303030303
30,50,0.00030303030303
30,56,0.00030303030303
30,57,0.00030303030303
30,58,0.00030303030303
30,59,0.00030303030303
30,60,0.00030303030303
30,67,0.00030303030303
30,68,0.00030303030303
30,69,0.00030303030303
30,70,0.00030303030303
31,1,0.0005
31,2,0.0005
31,3,0.0005
31,4,0.0005
31,5,0.0005
31,11,0.0005
31,12,0.0005
31,13,0.0005
31,14,0.0005
31,15,0.0005
31,23,0.0005
31,24,0.0005
31,25,0.0005
31,33,0.0005
31,34,0.0005
31,35,0.0005
31,45,0.0005
32,1,0.0005
32,2,0.0005
32,3,0.0005
32,4,0.0005
32,5,0.0005
32,11,0.0005
32,12,0.0005
32,13,0.0005
32,14,0.0005
32,15,0.0005
32,24,0.0005
32,25,0.0005
32,34,0.0005
32,35,0.0005
32,45,0.0005
33,1,0.0005
33,2,0.0005
33,3,0.0005
33,4,0.0005
33,5,0.0005
33,11,0.0005
33,12,0.0005
33,13,0.0005
33,14,0.0005
33,15,0.0005
33,21,0.0005
33,25,0.0005
33,31,0.0005
33,35,0.0005
33,45,0.0005
34,1,0.0005
34,2,0.0005
34,3,0.0005
34,4,0.0005
34,5,0.0005
34,11,0.0005
34,12,0.0005
34,13,0.0005
34,14,0.0005
34,15,0.0005
34,21,0.0005
34,22,0.0005
34,31,0.0005
34,32,0.0005
35,1,0.0005
35,2,0.0005
35,3,0.0005
35,4,0.0005
35,5,0.0005
35,11,0.0005
35,12,0.0005
35,13,0.0005
35,14,0.0005
35,15,0.0005
35,21,0.0005
35,22,0.0005
35,23,0.0005
35,31,0.0005
35,32,0.0005
35,33,0.0005
36,6,0.00030303030303
36,7,0.00030303030303
36,8,0.00030303030303
36,9,0.00030303030303
36,10,0.00030303030303
36,16,0.00030303030303
36,17,0.00030303030303
36,18,0.00030303030303
36,19,0.00030303030303
36,20,0.00030303030303
36,28,0.00030303030303
36,29,0.00030303030303
36,30,0.00030303030303
36,38,0.00030303030303
36,39,0.00030303030303
36,40,0.00030303030303
36,48,0.00030303030303
36,49,0.00030303030303
36,50,0.00030303030303
36,56,0.00030303030303
36,57,0.00030303030303
36,58,0.00030303030303
36,59,0.00030303030303
36,60,0.00030303030303
36,67,0.00030303030303
36,68,0.00030303030303
36,69,0.00030303030303
36,70,0.00030303030303
37,6,0.00030303030303
37,7,0.00030303030303
37,8,0.00030303030303
37,9,0.00030303030303
37,10,0.00030303030303
37,16,0.00030303030303
37,17,0.00030303030303
37,18,0.00030303030303
37,19,0.00030303030303
37,20,0.00030303030303
37,29,0.00030303030303
37,30,0.00030303030303
37,39,0.00030303030303
37,40,0.00030303030303
37,49,0.00030303030303
37,50,0.00030303030303
37,56,0.00030303030303
37,57,0.00030303030303
37,58,0.00030303030303
37,59,0.00030303030303
37,60,0.00030303030303
37,67,0.00030303030303
37,68,0.00030303030303
37,69,0.00030303030303
37,70,0.00030303030303
38,6,0.00030303030303
38,7,0.00030303030303
38,8,0.00030303030303
38,9,0.00030303030303
38,10,0.00030303030303
38,16,0.00030303030303
38,17,0.00030303030303
38,18,0.00030303030303
38,19,0.00030303030303
38,20,0.00030303030303
38,26,0.00030303030303
38,30,0.00030303030303
38,36,0.00030303030303
38,40,0.00030303030303
38,46,0.00030303030303
38,50,0.00030303030303
38,56,0.00030303030303
38,57,0.00030303030303
38,58,0.00030303030303
38,59,0.00030303030303
38,60,0.00030303030303
38,67,0.00030303030303
38,68,0.00030303030303
38,69,0.00030303030303
38,70,0.00030303030303
39,6,0.00030303030303
39,7,0.00030303030303
39,8,0.00030303030303
39,9,0.00030303030303
39,10,0.00030303030303
39,16,0.00030303030303
39,17,0.00030303030303
39,18,0.00030303030303
39,19,0.00030303030303
39,20,0.00030303030303
39,26,0.00030303030303
39,27,0.00030303030303
39,36,0.00030303030303
39,37,0.00030303030303
39,46,0.00030303030303
39,47,0.00030303030303
39,56,0.00030303030303
39,57,0.00030303030303
39,58,0.00030303030303
39,59,0.00030303030303
39,60,0.00030303030303
39,67,0.00030303030303
39,68,0.00030303030303
39,69,0.00030303030303
39,70,0.00030303030303
40,6,0.00030303030303
40,7,0.00030303030303
40,8,0.00030303030303
40,9,0.00030303030303
40,10,0.00030303030303
40,16,0.00030303030303
40,17,0.00030303030303
40,18,0.00030303030303
40,19,0.00030303030303
40,20,0.00030303030303
40,26,0.00030303030303
40,27,0.00030303030303
40,28,0.00030303030303
40,36,0.00030303030303
40,37,0.00030303030303
40,38,0.00030303030303
40,46,0.00030303030303
40,47,0.00030303030303
40,48,0.00030303030303
40,56,0.00030303030303
40,57,0.00030303030303
40,58,0.00030303030303
40,59,0.00030303030303
40,60,0.00030303030303
40,67,0.00030303030303
40,68,0.00030303030303
40,69,0.00030303030303
40,70,0.00030303030303
45,1,0.0005
45,2,0.0005
45,3,0.0005
45,4,0.0005
45,5,0.0005
45,11,0.0005
45,12,0.0005
45,13,0.0005
45,14,0.0005
45,15,0.0005
45,21,0.0005
45,22,0.0005
45,23,0.0005
45,24,0.0005
45,25,0.0005
45,31,0.0005
45,32,0.0005
45,33,0.0005
46,6,0.00030303030303
46,7,0.00030303030303
46,8,0.00030303030303
46,9,0.00030303030303
46,10,0.00030303030303
46,16,0.00030303030303
46,17,0.00030303030303
46,18,0.00030303030303
46,19,0.00030303030303
46,20,0.00030303030303
46,26,0.00030303030303
46,27,0.00030303030303
46,28,0.00030303030303
46,29,0.00030303030303
46,30,0.00030303030303
46,38,0.00030303030303
46,39,0.00030303030303
46,40,0.00030303030303
46,48,0.00030303030303
46,49,0.00030303030303
46,50,0.00030303030303
46,58,0.00030303030303
46,59,0.00030303030303
46,60,0.00030303030303
46,67,0.00030303030303
46,68,0.00030303030303
46,69,0.00030303030303
46,70,0.00030303030303
47,6,0.00030303030303
47,7,0.00030303030303
47,8,0.00030303030303
47,9,0.00030303030303
47,10,0.00030303030303
47,16,0.00030303030303
47,17,0.00030303030303
47,18,0.00030303030303
47,19,0.00030303030303
47,20,0.00030303030303
47,26,0.00030303030303
47,27,0.00030303030303
47,28,0.00030303030303
47,29,0.00030303030303
47,30,0.00030303030303
47,39,0.00030303030303
47,40,0.00030303030303
47,49,0.00030303030303
47,50,0.00030303030303
47,59,0.00030303030303
47,60,0.00030303030303
47,67,0.00030303030303
47,68,0.00030303030303
47,69,0.00030303030303
47,70,0.00030303030303
48,6,0.00030303030303
48,7,0.00030303030303
48,8,0.00030303030303
48,9,0.00030303030303
48,10,0.00030303030303
48,16,0.00030303030303
48,17,0.00030303030303
48,18,0.00030303030303
48,19,0.00030303030303
48,20,0.00030303030303
48,26,0.00030303030303
48,27,0.00030303030303
48,28,0.00030303030303
48,29,0.00030303030303
48,30,0.00030303030303
48,36,0.00030303030303
48,40,0.00030303030303
48,46,0.00030303030303
48,50,0.00030303030303
48,56,0.00030303030303
48,60,0.00030303030303
48,67,0.00030303030303
48,68,0.00030303030303
48,69,0.00030303030303
48,70,0.00030303030303
49,6,0.00030303030303
49,7,0.00030303030303
49,8,0.00030303030303
49,9,0.00030303030303
49,10,0.00030303030303
49,16,0.00030303030303
49,17,0.00030303030303
49,18,0.00030303030303
49,19,0.00030303030303
49,20,0.00030303030303
49,26,0.00030303030303
49,27,0.00030303030303
49,28,0.00030303030303
49,29,0.00030303030303
49,30,0.00030303030303
49,36,0.00030303030303
49,37,0.00030303030303
49,46,0.00030303030303
49,47,0.00030303030303
49,56,0.00030303030303
49,57,0.00030303030303
49,67,0.00030303030303
49,68,0.00030303030303
49,69,0.00030303030303
49,70,0.00030303030303
50,6,0.00030303030303
50,7,0.00030303030303
50,8,0.00030303030303
50,9,0.00030303030303
50,10,0.00030303030303
50,16,0.00030303030303
50,17,0.00030303030303
50,18,0.00030303030303
50,19,0.00030303030303
50,20,0.00030303030303
50,26,0.00030303030303
50,27,0.00030303030303
50,28,0.00030303030303
50,29,0.00030303030303
50,30,0.00030303030303
50,36,0.00030303030303
50,37,0.00030303030303
50,38,0.00030303030303
50,46,0.00030303030303
50,47,0.00030303030303
50,48,0.00030303030303
50,56,0.00030303030303
50,57,0.00030303030303
50,58,0.00030303030303
50,67,0.00030303030303
50,68,0.00030303030303
50,69,0.00030303030303
50,70,0.00030303030303
56,6,0.00030303030303
56,7,0.00030303030303
56,8,0.00030303030303
56,9,0.00030303030303
56,10,0.00030303030303
56,16,0.00030303030303
56,17,0.00030303030303
56,18,0.00030303030303
56,19,0.00030303030303
56,20,0.00030303030303
56,26,0.00030303030303
56,27,0.00030303030303
56,28,0.00030303030303
56,29,0.00030303030303
56,30,0.00030303030303
56,36,0.00030303030303
56,37,0.00030303030303
56,38,0.00030303030303
56,39,0.00030303030303
56,40,0.00030303030303
56,48,0.00030303030303
56,49,0.00030303030303
56,50,0.00030303030303
56,58,0.00030303030303
56,59,0.00030303030303
56,60,0.00030303030303
56,68,0.00030303030303
56,69,0.00030303030303
56,70,0.00030303030303
57,6,0.00030303030303
57,7,0.00030303030303
57,8,0.00030303030303
57,9,0.00030303030303
57,10,0.00030303030303
57,16,0.00030303030303
57,17,0.00030303030303
57,18,0.00030303030303
57,19,0.00030303030303
57,20,0.00030303030303
57,26,0.00030303030303
57,27,0.00030303030303
57,28,0.00030303030303
57,29,0.00030303030303
57,30,0.00030303030303
57,36,0.00030303030303
57,37,0.00030303030303
57,38,0.00030303030303
57,39,0.00030303030303
57,40,0.00030303030303
57,49,0.00030303030303
57,50,0.00030303030303
57,59,0.00030303030303
57,60,0.00030303030303
57,69,0.00030303030303
57,70,0.00030303030303
58,6,0.00030303030303
58,7,0.00030303030303
58,8,0.00030303030303
58,9,0.00030303030303
58,10,0.00030303030303
58,16,0.00030303030303
58,17,0.00030303030303
58,18,0.00030303030303
58,19,0.00030303030303
58,20,0.00030303030303
58,26,0.00030303030303
58,27,0.00030303030303
58,28,0.00030303030303
58,29,0.00030303030303
58,30,0.00030303030303
58,36,0.00030303030303
58,37,0.00030303030303
58,38,0.00030303030303
58,39,0.00030303030303
58,40,0.00030303030303
58,46,0.00030303030303
58,50,0.00030303030303
58,56,0.00030303030303
58,60,0.00030303030303
58,70,0.00030303030303
59,6,0.00030303030303
59,7,0.00030303030303
59,8,0.00030303030303
59,9,0.00030303030303
59,10,0.00030303030303
59,16,0.00030303030303
59,17,0.00030303030303
59,18,0.00030303030303
59,19,0.00030303030303
59,20,0.00030303030303
59,26,0.00030303030303
59,27,0.00030303030303
59,28,0.00030303030303
59,29,0.00030303030303
59,30,0.00030303030303
59,36,0.00030303030303
59,37,0.00030303030303
59,38,0.00030303030303
59,39,0.00030303030303
59,40,0.00030303030303
59,46,0.00030303030303
59,47,0.00030303030303
59,56,0.00030303030303
59,57,0.00030303030303
59,67,0.00030303030303
60,6,0.00030303030303
60,7,0.00030303030303
60,8,0.00030303030303
60,9,0.00030303030303
60,10,0.00030303030303
60,16,0.00030303030303
60,17,0.00030303030303
60,18,0.00030303030303
60,19,0.00030303030303
60,20,0.00030303030303
60,26,0.00030303030303
60,27,0.00030303030303
60,28,0.00030303030303
60,29,0.00030303030303
60,30,0.00030303030303
60,36,0.00030303030303
60,37,0.00030303030303
60,38,0.00030303030303
60,39,0.00030303030303
60,40,0.00030303030303
60,46,0.00030303030303
60,47,0.00030303030303
60,48,0.00030303030303
60,56,0.00030303030303
60,57,0.00030303030303
60,58,0.00030303030303
60,67,0.00030303030303
60,68,0.00030303030303
61,63,0.000384615384615
61,64,0.000384615384615
61,65,0.000384615384615
61,66,0.000384615384615
61,73,0.000384615384615
61,74,0.000384615384615
61,75,0.000384615384615
61,76,0.000384615384615
61,77,0.000384615384615
61,81,0.000384615384615
61,82,0.000384615384615
61,83,0.000384615384615
61,84,0.000384615384615
61,85,0.000384615384615
61,86,0.000384615384615
61,87,0.000384615384615
61,91,0.000384615384615
61,92,0.000384615384615
61,93,0.000384615384615
61,94,0.000384615384615
61,95,0.000384615384615
61,96,0.000384615384615
61,97,0.000384615384615
62,64,0.000384615384615
62,65,0.000384615384615
62,66,0.000384615384615
62,74,0.000384615384615
62,75,0.000384615384615
62,76,0.000384615384615
62,77,0.000384615384615
62,81,0.000384615384615
62,82,0.000384615384615
62,83,0.000384615384615
62,84,0.000384615384615
62,85,0.000384615384615
62,86,0.000384615384615
62,87,0.000384615384615
62,91,0.000384615384615
62,92,0.000384615384615
62,93,0.000384615384615
62,94,0.000384615384615
62,95,0.000384615384615
62,96,0.000384615384615
62,97,0.000384615384615
63,61,0.000384615384615
63,65,0.000384615384615
63,66,0.000384615384615
63,71,0.000384615384615
63,75,0.000384615384615
63,76,0.000384615384615
63,77,0.000384615384615
63,81,0.000384615384615
63,82,0.000384615384615
63,83,0.000384615384615
63,84,0.000384615384615
63,85,0.000384615384615
63,86,0.000384615384615
63,87,0.000384615384615
63,91,0.000384615384615
63,92,0.000384615384615
63,93,0.000384615384615
63,94,0.000384615384615
63,95,0.000384615384615
63,96,0.000384615384615
63,97,0.000384615384615
64,61,0.000384615384615
64,62,0.000384615384615
64,66,0.000384615384615
64,71,0.000384615384615
64,72,0.000384615384615
64,76,0.000384615384615
64,77,0.000384615384615
64,81,0.000384615384615
64,82,0.000384615384615
64,83,0.000384615384615
64,84,0.000384615384615
64,85,0.000384615384615
64,86,0.000384615384615
64,87,0.000384615384615
64,91,0.000384615384615
64,92,0.000384615384615
64,93,0.000384615384615
64,94,0.000384615384615
64,95,0.000384615384615
64,96,0.000384615384615
64,97,0.000384615384615
65,61,0.000384615384615
65,62,0.000384615384615
65,63,0.000384615384615
65,71,0.000384615384615
65,72,0.000384615384615
65,73,0.000384615384615
65,77,0.000384615384615
65,81,0.000384615384615
65,82,0.000384615384615
65,83,0.000384615384615
65,84,0.000384615384615
65,85,0.000384615384615
65,86,0.000384615384615
65,87,0.000384615384615
65,91,0.000384615384615
65,92,0.000384615384615
65,93,0.000384615384615
65,94,0.000384615384615
65,95,0.000384615384615
65,96,0.000384615384615
65,97,0.000384615384615
66,61,0.000384615384615
66,62,0.000384615384615
66,63,0.000384615384615
66,64,0.000384615384615
66,71,0.000384615384615
66,72,0.000384615384615
66,73,0.000384615384615
66,74,0.000384615384615
66,81,0.000384615384615
66,82,0.000384615384615
66,83,0.000384615384615
66,84,0.000384615384615
66,85,0.000384615384615
66,86,0.000384615384615
66,87,0.000384615384615
66,91,0.000384615384615
66,92,0.000384615384615
66,93,0.000384615384615
66,94,0.000384615384615
66,95,0.000384615384615
66,96,0.000384615384615
66,97,0.000384615384615
67,6,0.00030303030303
67,7,0.00030303030303
67,8,0.00030303030303
67,9,0.00030303030303
67,10,0.00030303030303
67,16,0.00030303030303
67,17,0.00030303030303
67,18,0.00030303030303
67,19,0.00030303030303
67,20,0.00030303030303
67,26,0.00030303030303
67,27,0.00030303030303
67,28,0.00030303030303
67,29,0.00030303030303
67,30,0.00030303030303
67,36,0.00030303030303
67,37,0.00030303030303
67,38,0.00030303030303
67,39,0.00030303030303
67,40,0.00030303030303
67,46,0.00030303030303
67,47,0.00030303030303
67,48,0.00030303030303
67,49,0.00030303030303
67,50,0.00030303030303
67,59,0.00030303030303
67,60,0.00030303030303
67,69,0.00030303030303
67,70,0.00030303030303
68,6,0.00030303030303
68,7,0.00030303030303
68,8,0.00030303030303
68,9,0.00030303030303
68,10,0.00030303030303
68,16,0.00030303030303
68,17,0.00030303030303
68,18,0.00030303030303
68,19,0.00030303030303
68,20,0.00030303030303
68,26,0.00030303030303
68,27,0.00030303030303
68,28,0.00030303030303
68,29,0.00030303030303
68,30,0.00030303030303
68,36,0.00030303030303
68,37,0.00030303030303
68,38,0.00030303030303
68,39,0.00030303030303
68,40,0.00030303030303
68,46,0.00030303030303
68,47,0.00030303030303
68,48,0.00030303030303
68,49,0.00030303030303
68,50,0.00030303030303
68,56,0.00030303030303
68,60,0.00030303030303
68,70,0.00030303030303
69,6,0.00030303030303
69,7,0.00030303030303
69,8,0.00030303030303
69,9,0.00030303030303
69,10,0.00030303030303
69,16,0.00030303030303
69,17,0.00030303030303
69,18,0.00030303030303
69,19,0.00030303030303
69,20,0.00030303030303
69,26,0.00030303030303
69,27,0.00030303030303
69,28,0.00030303030303
69,29,0.00030303030303
69,30,0.00030303030303
69,36,0.00030303030303
69,37,0.00030303030303
69,38,0.00030303030303
69,39,0.00030303030303
69,40,0.00030303030303
69,46,0.00030303030303
69,47,0.00030303030303
69,48,0.00030303030303
69,49,0.00030303030303
69,50,0.00030303030303
69,56,0.00030303030303
69,57,0.00030303030303
69,67,0.00030303030303
70,6,0.00030303030303
70,7,0.00030303030303
70,8,0.00030303030303
70,9,0.00030303030303
70,10,0.00030303030303
70,16,0.00030303030303
70,17,0.00030303030303
70,18,0.00030303030303
70,19,0.00030303030303
70,20,0.00030303030303
70,26,0.00030303030303
70,27,0.00030303030303
70,28,0.00030303030303
70,29,0.00030303030303
70,30,0.00030303030303
70,36,0.00030303030303
70,37,0.00030303030303
70,38,0.00030303030303
70,39,0.00030303030303
70,40,0.00030303030303
70,46,0.00030303030303
70,47,0.00030303030303
70,48,0.00030303030303
70,49,0.00030303030303
70,50,0.00030303030303
70,56,0.00030303030303
70,57,0.00030303030303
70,58,0.00030303030303
70,67,0.00030303030303
70,68,0.00030303030303
71,63,0.000384615384615
71,64,0.000384615384615
71,65,0.000384615384615
71,66,0.000384615384615
71,73,0.000384615384615
71,74,0.000384615384615
71,75,0.000384615384615
71,76,0.000384615384615
71,77,0.000384615384615
71,83,0.000384615384615
71,84,0.000384615384615
71,85,0.000384615384615
71,86,0.000384615384615
71,87,0.000384615384615
71,91,0.000384615384615
71,92,0.000384615384615
71,93,0.000384615384615
71,94,0.000384615384615
71,95,0.000384615384615
71,96,0.000384615384615
71,97,0.000384615384615
72,64,0.000384615384615
72,65,0.000384615384615
72,66,0.000384615384615
72,74,0.000384615384615
72,75,0.000384615384615
72,76,0.000384615384615
72,77,0.000384615384615
72,84,0.000384615384615
72,85,0.000384615384615
72,86,0.000384615384615
72,87,0.000384615384615
72,91,0.000384615384615
72,92,0.000384615384615
72,93,0.000384615384615
72,94,0.000384615384615
72,95,0.000384615384615
72,96,0.000384615384615
72,97,0.000384615384615
73,61,0.000384615384615
73,64,0.000384615384615
73,65,0.000384615384615
73,66,0.000384615384615
73,71,0.000384615384615
73,75,0.000384615384615
73,76,0.000384615384615
73,77,0.000384615384615
73,81,0.000384615384615
73,85,0.000384615384615
73,86,0.000384615384615
73,87,0.000384615384615
73,91,0.000384615384615
73,92,0.000384615384615
73,93,0.000384615384615
73,94,0.000384615384615
73,95,0.000384615384615
73,96,0.000384615384615
73,97,0.000384615384615
74,61,0.000384615384615
74,62,0.000384615384615
74,66,0.000384615384615
74,71,0.000384615384615
74,72,0.000384615384615
74,76,0.000384615384615
74,77,0.000384615384615
74,81,0.000384615384615
74,82,0.000384615384615
74,86,0.000384615384615
74,87,0.000384615384615
74,91,0.000384615384615
74,92,0.000384615384615
74,93,0.000384615384615
74,94,0.000384615384615
74,95,0.000384615384615
74,96,0.000384615384615
74,97,0.000384615384615
75,61,0.000384615384615
75,62,0.000384615384615
75,63,0.000384615384615
75,71,0.000384615384615
75,72,0.000384615384615
75,73,0.000384615384615
75,77,0.000384615384615
75,81,0.000384615384615
75,82,0.000384615384615
75,83,0.000384615384615
75,87,0.000384615384615
75,91,0.000384615384615
75,92,0.000384615384615
75,93,0.000384615384615
75,94,0.000384615384615
75,95,0.000384615384615
75,96,0.000384615384615
75,97,0.000384615384615
76,61,0.000384615384615
76,62,0.000384615384615
76,63,0.000384615384615
76,64,0.000384615384615
76,71,0.000384615384615
76,72,0.000384615384615
76,73,0.000384615384615
76,74,0.000384615384615
76,81,0.000384615384615
76,82,0.000384615384615
76,83,0.000384615384615
76,84,0.000384615384615
76,91,0.000384615384615
76,92,0.000384615384615
76,93,0.000384615384615
76,94,0.000384615384615
76,95,0.000384615384615
76,96,0.000384615384615
76,97,0.000384615384615
77,61,0.000384615384615
77,62,0.000384615384615
77,63,0.000384615384615
77,64,0.000384615384615
77,65,0.000384615384615
77,71,0.000384615384615
77,72,0.000384615384615
77,73,0.000384615384615
77,74,0.000384615384615
77,75,0.000384615384615
77,81,0.000384615384615
77,82,0.000384615384615
77,83,0.000384615384615
77,84,0.000384615384615
77,85,0.000384615384615
77,91,0.000384615384615
77,92,0.000384615384615
77,93,0.000384615384615
77,94,0.000384615384615
77,95,0.000384615384615
77,96,0.000384615384615
77,97,0.000384615384615
81,61,0.000384615384615
81,62,0.000384615384615
81,63,0.000384615384615
81,64,0.000384615384615
81,65,0.000384615384615
81,66,0.000384615384615
81,73,0.000384615384615
81,74,0.000384615384615
81,75,0.000384615384615
81,76,0.000384615384615
81,77,0.000384615384615
81,83,0.000384615384615
81,84,0.000384615384615
81,85,0.000384615384615
81,86,0.000384615384615
81,87,0.000384615384615
81,93,0.000384615384615
81,94,0.000384615384615
81,95,0.000384615384615
81,96,0.000384615384615
81,97,0.000384615384615
82,61,0.000384615384615
82,62,0.000384615384615
82,63,0.000384615384615
82,64,0.000384615384615
82,65,0.000384615384615
82,66,0.000384615384615
82,74,0.000384615384615
82,75,0.000384615384615
82,76,0.000384615384615
82,77,0.000384615384615
82,84,0.000384615384615
82,85,0.000384615384615
82,86,0.000384615384615
82,87,0.000384615384615
82,94,0.000384615384615
82,95,0.000384615384615
82,96,0.000384615384615
82,97,0.000384615384615
83,61,0.000384615384615
83,62,0.000384615384615
83,63,0.000384615384615
83,64,0.000384615384615
83,65,0.000384615384615
83,66,0.000384615384615
83,71,0.000384615384615
83,75,0.000384615384615
83,76,0.000384615384615
83,77,0.000384615384615
83,81,0.000384615384615
83,85,0.000384615384615
83,86,0.000384615384615
83,87,0.000384615384615
83,91,0.000384615384615
83,95,0.000384615384615
83,96,0.000384615384615
83,97,0.000384615384615
84,61,0.000384615384615
84,62,0.000384615384615
84,63,0.000384615384615
84,64,0.000384615384615
84,65,0.000384615384615
84,66,0.000384615384615
84,71,0.000384615384615
84,72,0.000384615384615
84,76,0.000384615384615
84,77,0.000384615384615
84,81,0.000384615384615
84,82,0.000384615384615
84,86,0.000384615384615
84,87,0.000384615384615
84,91,0.000384615384615
84,92,0.000384615384615
84,96,0.000384615384615
84,97,0.000384615384615
85,61,0.000384615384615
85,62,0.000384615384615
85,63,0.000384615384615
85,64,0.000384615384615
85,65,0.000384615384615
85,66,0.000384615384615
85,71,0.000384615384615
85,72,0.000384615384615
85,73,0.000384615384615
85,77,0.000384615384615
85,81,0.000384615384615
85,82,0.000384615384615
85,83,0.000384615384615
85,87,0.000384615384615
85,91,0.000384615384615
85,92,0.000384615384615
85,93,0.000384615384615
85,97,0.000384615384615
86,61,0.000384615384615
86,62,0.000384615384615
86,63,0.000384615384615
86,64,0.000384615384615
86,65,0.000384615384615
86,66,0.000384615384615
86,71,0.000384615384615
86,72,0.000384615384615
86,73,0.000384615384615
86,74,0.000384615384615
86,81,0.000384615384615
86,82,0.000384615384615
86,83,0.000384615384615
86,84,0.000384615384615
86,91,0.000384615384615
86,92,0.000384615384615
86,93,0.000384615384615
86,94,0.000384615384615
87,61,0.000384615384615
87,62,0.000384615384615
87,63,0.000384615384615
87,64,0.000384615384615
87,65,0.000384615384615
87,66,0.000384615384615
87,71,0.000384615384615
87,72,0.000384615384615
87,73,0.000384615384615
87,74,0.000384615384615
87,75,0.000384615384615
87,81,0.000384615384615
87,82,0.000384615384615
87,83,0.000384615384615
87,84,0.000384615384615
87,85,0.000384615384615
87,91,0.000384615384615
87,92,0.000384615384615
87,93,0.000384615384615
87,94,0.000384615384615
87,95,0.000384615384615
91,61,0.000384615384615
91,62,0.000384615384615
91,63,0.000384615384615
91,64,0.000384615384615
91,65,0.000384615384615
91,66,0.000384615384615
91,71,0.000384615384615
91,72,0.000384615384615
91,73,0.000384615384615
91,74,0.000384615384615
91,75,0.000384615384615
91,76,0.000384615384615
91,77,0.000384615384615
91,83,0.000384615384615
91,84,0.000384615384615
91,85,0.000384615384615
91,86,0.000384615384615
91,87,0.000384615384615
91,93,0.000384615384615
91,94,0.000384615384615
91,95,0.000384615384615
91,96,0.000384615384615
91,97,0.000384615384615
92,61,0.000384615384615
92,62,0.000384615384615
92,63,0.000384615384615
92,64,0.000384615384615
92,65,0.000384615384615
92,66,0.000384615384615
92,71,0.000384615384615
92,72,0.000384615384615
92,73,0.000384615384615
92,74,0.000384615384615
92,75,0.000384615384615
92,76,0.000384615384615
92,77,0.000384615384615
92,84,0.000384615384615
92,85,0.000384615384615
92,86,0.000384615384615
92,87,0.000384615384615
92,94,0.000384615384615
92,95,0.000384615384615
92,96,0.000384615384615
92,97,0.000384615384615
93,61,0.000384615384615
93,62,0.000384615384615
93,63,0.000384615384615
93,64,0.000384615384615
93,65,0.000384615384615
93,66,0.000384615384615
93,71,0.000384615384615
93,72,0.000384615384615
93,73,0.000384615384615
93,74,0.000384615384615
93,75,0.000384615384615
93,76,0.000384615384615
93,77,0.000384615384615
93,81,0.000384615384615
93,85,0.000384615384615
93,86,0.000384615384615
93,87,0.000384615384615
93,91,0.000384615384615
93,95,0.000384615384615
93,96,0.000384615384615
93,97,0.000384615384615
94,61,0.000384615384615
94,62,0.000384615384615
94,63,0.000384615384615
94,64,0.000384615384615
94,65,0.000384615384615
94,66,0.000384615384615
94,71,0.000384615384615
94,72,0.000384615384615
94,73,0.000384615384615
94,74,0.000384615384615
94,75,0.000384615384615
94,76,0.000384615384615
94,77,0.000384615384615
94,81,0.000384615384615
94,82,0.000384615384615
94,86,0.000384615384615
94,87,0.000384615384615
94,91,0.000384615384615
94,92,0.000384615384615
94,96,0.000384615384615
94,97,0.000384615384615
95,61,0.000384615384615
95,62,0.000384615384615
95,63,0.000384615384615
95,64,0.000384615384615
95,65,0.000384615384615
95,66,0.000384615384615
95,71,0.000384615384615
95,72,0.000384615384615
95,73,0.000384615384615
95,74,0.000384615384615
95,75,0.000384615384615
95,76,0.000384615384615
95,77,0.000384615384615
95,81,0.000384615384615
95,82,0.000384615384615
95,83,0.000384615384615
95,87,0.000384615384615
95,91,0.000384615384615
95,92,0.000384615384615
95,93,0.000384615384615
95,97,0.000384615384615
96,61,0.000384615384615
96,62,0.000384615384615
96,63,0.000384615384615
96,64,0.000384615384615
96,65,0.000384615384615
96,66,0.000384615384615
96,71,0.000384615384615
96,72,0.000384615384615
96,73,0.000384615384615
96,74,0.000384615384615
96,75,0.000384615384615
96,76,0.000384615384615
96,77,0.000384615384615
96,81,0.000384615384615
96,82,0.000384615384615
96,83,0.000384615384615
96,84,0.000384615384615
96,91,0.000384615384615
96,92,0.000384615384615
96,93,0.000384615384615
96,94,0.000384615384615
97,61,0.000384615384615
97,62,0.000384615384615
97,63,0.000384615384615
97,64,0.000384615384615
97,65,0.000384615384615
97,66,0.000384615384615
97,71,0.000384615384615
97,72,0.000384615384615
97,73,0.000384615384615
97,74,0.000384615384615
97,75,0.000384615384615
97,76,0.000384615384615
97,77,0.000384615384615
97,81,0.000384615384615
97,82,0.000384615384615
97,83,0.000384615384615
97,84,0.000384615384615
97,85,0.000384615384615
97,91,0.000384615384615
97,92,0.000384615384615
97,93,0.000384615384615
97,94,0.000384615384615
97,95,0.000384615384615
